(kicad_pcb (version 20171130) (host pcbnew "(5.1.5)-3")

  (general
    (thickness 1.6)
    (drawings 10)
    (tracks 217)
    (zones 0)
    (modules 26)
    (nets 45)
  )

  (page A4 portrait)
  (layers
    (0 F.Cu signal)
    (31 B.Cu signal)
    (32 B.Adhes user)
    (33 F.Adhes user)
    (34 B.Paste user)
    (35 F.Paste user)
    (36 B.SilkS user)
    (37 F.SilkS user)
    (38 B.Mask user)
    (39 F.Mask user)
    (40 Dwgs.User user)
    (41 Cmts.User user)
    (42 Eco1.User user)
    (43 Eco2.User user)
    (44 Edge.Cuts user)
    (45 Margin user)
    (46 B.CrtYd user)
    (47 F.CrtYd user)
    (48 B.Fab user)
    (49 F.Fab user)
  )

  (setup
    (last_trace_width 0.25)
    (trace_clearance 0.2)
    (zone_clearance 0.508)
    (zone_45_only no)
    (trace_min 0.2)
    (via_size 0.8)
    (via_drill 0.4)
    (via_min_size 0.4)
    (via_min_drill 0.3)
    (uvia_size 0.3)
    (uvia_drill 0.1)
    (uvias_allowed no)
    (uvia_min_size 0.2)
    (uvia_min_drill 0.1)
    (edge_width 0.05)
    (segment_width 0.2)
    (pcb_text_width 0.3)
    (pcb_text_size 1.5 1.5)
    (mod_edge_width 0.12)
    (mod_text_size 1 1)
    (mod_text_width 0.15)
    (pad_size 1.524 1.524)
    (pad_drill 0.762)
    (pad_to_mask_clearance 0.051)
    (solder_mask_min_width 0.25)
    (aux_axis_origin 0 0)
    (visible_elements 7FFFFFFF)
    (pcbplotparams
      (layerselection 0x010fc_ffffffff)
      (usegerberextensions false)
      (usegerberattributes false)
      (usegerberadvancedattributes false)
      (creategerberjobfile false)
      (excludeedgelayer true)
      (linewidth 0.100000)
      (plotframeref false)
      (viasonmask false)
      (mode 1)
      (useauxorigin false)
      (hpglpennumber 1)
      (hpglpenspeed 20)
      (hpglpendiameter 15.000000)
      (psnegative false)
      (psa4output false)
      (plotreference true)
      (plotvalue true)
      (plotinvisibletext false)
      (padsonsilk false)
      (subtractmaskfromsilk false)
      (outputformat 1)
      (mirror false)
      (drillshape 1)
      (scaleselection 1)
      (outputdirectory ""))
  )

  (net 0 "")
  (net 1 +5V)
  (net 2 GND)
  (net 3 "Net-(J2-PadB8)")
  (net 4 "Net-(J2-PadA5)")
  (net 5 "Net-(J2-PadB7)")
  (net 6 "Net-(J2-PadA7)")
  (net 7 "Net-(J2-PadB6)")
  (net 8 "Net-(J2-PadA8)")
  (net 9 "Net-(J2-PadB5)")
  (net 10 "Net-(J2-PadA6)")
  (net 11 "Net-(D1-Pad6)")
  (net 12 "Net-(D1-Pad5)")
  (net 13 "/LED BAR/BAR_CI")
  (net 14 "/LED BAR/BAR_DI")
  (net 15 "Net-(D2-Pad5)")
  (net 16 "Net-(D2-Pad6)")
  (net 17 "Net-(D3-Pad6)")
  (net 18 "Net-(D3-Pad5)")
  (net 19 "Net-(D4-Pad5)")
  (net 20 "Net-(D4-Pad6)")
  (net 21 "Net-(D5-Pad6)")
  (net 22 "Net-(D5-Pad5)")
  (net 23 "Net-(D6-Pad5)")
  (net 24 "Net-(D6-Pad6)")
  (net 25 "Net-(D7-Pad6)")
  (net 26 "Net-(D7-Pad5)")
  (net 27 "Net-(D8-Pad5)")
  (net 28 "Net-(D8-Pad6)")
  (net 29 "Net-(D10-Pad2)")
  (net 30 "Net-(D10-Pad1)")
  (net 31 "Net-(D10-Pad6)")
  (net 32 "Net-(D10-Pad5)")
  (net 33 "Net-(D11-Pad5)")
  (net 34 "Net-(D11-Pad6)")
  (net 35 "Net-(D12-Pad6)")
  (net 36 "Net-(D12-Pad5)")
  (net 37 "Net-(D13-Pad5)")
  (net 38 "Net-(D13-Pad6)")
  (net 39 "Net-(D14-Pad6)")
  (net 40 "Net-(D14-Pad5)")
  (net 41 "Net-(D15-Pad5)")
  (net 42 "Net-(D15-Pad6)")
  (net 43 "/LED BAR/BAR_DO")
  (net 44 "/LED BAR/BAR_CO")

  (net_class Default 这是默认网络类。
    (clearance 0.2)
    (trace_width 0.25)
    (via_dia 0.8)
    (via_drill 0.4)
    (uvia_dia 0.3)
    (uvia_drill 0.1)
    (add_net +5V)
    (add_net "/LED BAR/BAR_CI")
    (add_net "/LED BAR/BAR_CO")
    (add_net "/LED BAR/BAR_DI")
    (add_net "/LED BAR/BAR_DO")
    (add_net GND)
    (add_net "Net-(D1-Pad5)")
    (add_net "Net-(D1-Pad6)")
    (add_net "Net-(D10-Pad1)")
    (add_net "Net-(D10-Pad2)")
    (add_net "Net-(D10-Pad5)")
    (add_net "Net-(D10-Pad6)")
    (add_net "Net-(D11-Pad5)")
    (add_net "Net-(D11-Pad6)")
    (add_net "Net-(D12-Pad5)")
    (add_net "Net-(D12-Pad6)")
    (add_net "Net-(D13-Pad5)")
    (add_net "Net-(D13-Pad6)")
    (add_net "Net-(D14-Pad5)")
    (add_net "Net-(D14-Pad6)")
    (add_net "Net-(D15-Pad5)")
    (add_net "Net-(D15-Pad6)")
    (add_net "Net-(D2-Pad5)")
    (add_net "Net-(D2-Pad6)")
    (add_net "Net-(D3-Pad5)")
    (add_net "Net-(D3-Pad6)")
    (add_net "Net-(D4-Pad5)")
    (add_net "Net-(D4-Pad6)")
    (add_net "Net-(D5-Pad5)")
    (add_net "Net-(D5-Pad6)")
    (add_net "Net-(D6-Pad5)")
    (add_net "Net-(D6-Pad6)")
    (add_net "Net-(D7-Pad5)")
    (add_net "Net-(D7-Pad6)")
    (add_net "Net-(D8-Pad5)")
    (add_net "Net-(D8-Pad6)")
    (add_net "Net-(J2-PadA5)")
    (add_net "Net-(J2-PadA6)")
    (add_net "Net-(J2-PadA7)")
    (add_net "Net-(J2-PadA8)")
    (add_net "Net-(J2-PadB5)")
    (add_net "Net-(J2-PadB6)")
    (add_net "Net-(J2-PadB7)")
    (add_net "Net-(J2-PadB8)")
  )

  (module Capacitor_SMD:C_0603_1608Metric (layer F.Cu) (tedit 5B301BBE) (tstamp 604CE478)
    (at 40.132 70.6375 270)
    (descr "Capacitor SMD 0603 (1608 Metric), square (rectangular) end terminal, IPC_7351 nominal, (Body size source: http://www.tortai-tech.com/upload/download/2011102023233369053.pdf), generated with kicad-footprint-generator")
    (tags capacitor)
    (path /6035AF6C/604E2D6A)
    (attr smd)
    (fp_text reference C1 (at 0 -1.43 90) (layer F.SilkS)
      (effects (font (size 1 1) (thickness 0.15)))
    )
    (fp_text value 0.1uF (at 0 1.43 90) (layer F.Fab)
      (effects (font (size 1 1) (thickness 0.15)))
    )
    (fp_text user %R (at 0 0 90) (layer F.Fab)
      (effects (font (size 0.4 0.4) (thickness 0.06)))
    )
    (fp_line (start 1.48 0.73) (end -1.48 0.73) (layer F.CrtYd) (width 0.05))
    (fp_line (start 1.48 -0.73) (end 1.48 0.73) (layer F.CrtYd) (width 0.05))
    (fp_line (start -1.48 -0.73) (end 1.48 -0.73) (layer F.CrtYd) (width 0.05))
    (fp_line (start -1.48 0.73) (end -1.48 -0.73) (layer F.CrtYd) (width 0.05))
    (fp_line (start -0.162779 0.51) (end 0.162779 0.51) (layer F.SilkS) (width 0.12))
    (fp_line (start -0.162779 -0.51) (end 0.162779 -0.51) (layer F.SilkS) (width 0.12))
    (fp_line (start 0.8 0.4) (end -0.8 0.4) (layer F.Fab) (width 0.1))
    (fp_line (start 0.8 -0.4) (end 0.8 0.4) (layer F.Fab) (width 0.1))
    (fp_line (start -0.8 -0.4) (end 0.8 -0.4) (layer F.Fab) (width 0.1))
    (fp_line (start -0.8 0.4) (end -0.8 -0.4) (layer F.Fab) (width 0.1))
    (pad 2 smd roundrect (at 0.7875 0 270) (size 0.875 0.95) (layers F.Cu F.Paste F.Mask) (roundrect_rratio 0.25)
      (net 2 GND))
    (pad 1 smd roundrect (at -0.7875 0 270) (size 0.875 0.95) (layers F.Cu F.Paste F.Mask) (roundrect_rratio 0.25)
      (net 1 +5V))
    (model ${KISYS3DMOD}/Capacitor_SMD.3dshapes/C_0603_1608Metric.wrl
      (at (xyz 0 0 0))
      (scale (xyz 1 1 1))
      (rotate (xyz 0 0 0))
    )
  )

  (module Capacitor_SMD:C_0603_1608Metric (layer F.Cu) (tedit 5B301BBE) (tstamp 604CE489)
    (at 40.132 87.1475 270)
    (descr "Capacitor SMD 0603 (1608 Metric), square (rectangular) end terminal, IPC_7351 nominal, (Body size source: http://www.tortai-tech.com/upload/download/2011102023233369053.pdf), generated with kicad-footprint-generator")
    (tags capacitor)
    (path /6035AF6C/604E3475)
    (attr smd)
    (fp_text reference C2 (at 0 -1.43 90) (layer F.SilkS)
      (effects (font (size 1 1) (thickness 0.15)))
    )
    (fp_text value 0.1uF (at 0 1.43 90) (layer F.Fab)
      (effects (font (size 1 1) (thickness 0.15)))
    )
    (fp_line (start -0.8 0.4) (end -0.8 -0.4) (layer F.Fab) (width 0.1))
    (fp_line (start -0.8 -0.4) (end 0.8 -0.4) (layer F.Fab) (width 0.1))
    (fp_line (start 0.8 -0.4) (end 0.8 0.4) (layer F.Fab) (width 0.1))
    (fp_line (start 0.8 0.4) (end -0.8 0.4) (layer F.Fab) (width 0.1))
    (fp_line (start -0.162779 -0.51) (end 0.162779 -0.51) (layer F.SilkS) (width 0.12))
    (fp_line (start -0.162779 0.51) (end 0.162779 0.51) (layer F.SilkS) (width 0.12))
    (fp_line (start -1.48 0.73) (end -1.48 -0.73) (layer F.CrtYd) (width 0.05))
    (fp_line (start -1.48 -0.73) (end 1.48 -0.73) (layer F.CrtYd) (width 0.05))
    (fp_line (start 1.48 -0.73) (end 1.48 0.73) (layer F.CrtYd) (width 0.05))
    (fp_line (start 1.48 0.73) (end -1.48 0.73) (layer F.CrtYd) (width 0.05))
    (fp_text user %R (at 0 0 90) (layer F.Fab)
      (effects (font (size 0.4 0.4) (thickness 0.06)))
    )
    (pad 1 smd roundrect (at -0.7875 0 270) (size 0.875 0.95) (layers F.Cu F.Paste F.Mask) (roundrect_rratio 0.25)
      (net 1 +5V))
    (pad 2 smd roundrect (at 0.7875 0 270) (size 0.875 0.95) (layers F.Cu F.Paste F.Mask) (roundrect_rratio 0.25)
      (net 2 GND))
    (model ${KISYS3DMOD}/Capacitor_SMD.3dshapes/C_0603_1608Metric.wrl
      (at (xyz 0 0 0))
      (scale (xyz 1 1 1))
      (rotate (xyz 0 0 0))
    )
  )

  (module Capacitor_SMD:C_0603_1608Metric (layer F.Cu) (tedit 5B301BBE) (tstamp 604CE49A)
    (at 40.132 104.1655 270)
    (descr "Capacitor SMD 0603 (1608 Metric), square (rectangular) end terminal, IPC_7351 nominal, (Body size source: http://www.tortai-tech.com/upload/download/2011102023233369053.pdf), generated with kicad-footprint-generator")
    (tags capacitor)
    (path /6035AF6C/604F8B1C)
    (attr smd)
    (fp_text reference C3 (at 0 -1.43 90) (layer F.SilkS)
      (effects (font (size 1 1) (thickness 0.15)))
    )
    (fp_text value 0.1uF (at 0 1.43 90) (layer F.Fab)
      (effects (font (size 1 1) (thickness 0.15)))
    )
    (fp_text user %R (at 0 0 90) (layer F.Fab)
      (effects (font (size 0.4 0.4) (thickness 0.06)))
    )
    (fp_line (start 1.48 0.73) (end -1.48 0.73) (layer F.CrtYd) (width 0.05))
    (fp_line (start 1.48 -0.73) (end 1.48 0.73) (layer F.CrtYd) (width 0.05))
    (fp_line (start -1.48 -0.73) (end 1.48 -0.73) (layer F.CrtYd) (width 0.05))
    (fp_line (start -1.48 0.73) (end -1.48 -0.73) (layer F.CrtYd) (width 0.05))
    (fp_line (start -0.162779 0.51) (end 0.162779 0.51) (layer F.SilkS) (width 0.12))
    (fp_line (start -0.162779 -0.51) (end 0.162779 -0.51) (layer F.SilkS) (width 0.12))
    (fp_line (start 0.8 0.4) (end -0.8 0.4) (layer F.Fab) (width 0.1))
    (fp_line (start 0.8 -0.4) (end 0.8 0.4) (layer F.Fab) (width 0.1))
    (fp_line (start -0.8 -0.4) (end 0.8 -0.4) (layer F.Fab) (width 0.1))
    (fp_line (start -0.8 0.4) (end -0.8 -0.4) (layer F.Fab) (width 0.1))
    (pad 2 smd roundrect (at 0.7875 0 270) (size 0.875 0.95) (layers F.Cu F.Paste F.Mask) (roundrect_rratio 0.25)
      (net 2 GND))
    (pad 1 smd roundrect (at -0.7875 0 270) (size 0.875 0.95) (layers F.Cu F.Paste F.Mask) (roundrect_rratio 0.25)
      (net 1 +5V))
    (model ${KISYS3DMOD}/Capacitor_SMD.3dshapes/C_0603_1608Metric.wrl
      (at (xyz 0 0 0))
      (scale (xyz 1 1 1))
      (rotate (xyz 0 0 0))
    )
  )

  (module Capacitor_SMD:C_0603_1608Metric (layer F.Cu) (tedit 5B301BBE) (tstamp 604CE4AB)
    (at 40.132 120.6755 270)
    (descr "Capacitor SMD 0603 (1608 Metric), square (rectangular) end terminal, IPC_7351 nominal, (Body size source: http://www.tortai-tech.com/upload/download/2011102023233369053.pdf), generated with kicad-footprint-generator")
    (tags capacitor)
    (path /6035AF6C/604F8B22)
    (attr smd)
    (fp_text reference C4 (at 0 -1.43 90) (layer F.SilkS)
      (effects (font (size 1 1) (thickness 0.15)))
    )
    (fp_text value 0.1uF (at 0 1.43 90) (layer F.Fab)
      (effects (font (size 1 1) (thickness 0.15)))
    )
    (fp_line (start -0.8 0.4) (end -0.8 -0.4) (layer F.Fab) (width 0.1))
    (fp_line (start -0.8 -0.4) (end 0.8 -0.4) (layer F.Fab) (width 0.1))
    (fp_line (start 0.8 -0.4) (end 0.8 0.4) (layer F.Fab) (width 0.1))
    (fp_line (start 0.8 0.4) (end -0.8 0.4) (layer F.Fab) (width 0.1))
    (fp_line (start -0.162779 -0.51) (end 0.162779 -0.51) (layer F.SilkS) (width 0.12))
    (fp_line (start -0.162779 0.51) (end 0.162779 0.51) (layer F.SilkS) (width 0.12))
    (fp_line (start -1.48 0.73) (end -1.48 -0.73) (layer F.CrtYd) (width 0.05))
    (fp_line (start -1.48 -0.73) (end 1.48 -0.73) (layer F.CrtYd) (width 0.05))
    (fp_line (start 1.48 -0.73) (end 1.48 0.73) (layer F.CrtYd) (width 0.05))
    (fp_line (start 1.48 0.73) (end -1.48 0.73) (layer F.CrtYd) (width 0.05))
    (fp_text user %R (at 0 0 90) (layer F.Fab)
      (effects (font (size 0.4 0.4) (thickness 0.06)))
    )
    (pad 1 smd roundrect (at -0.7875 0 270) (size 0.875 0.95) (layers F.Cu F.Paste F.Mask) (roundrect_rratio 0.25)
      (net 1 +5V))
    (pad 2 smd roundrect (at 0.7875 0 270) (size 0.875 0.95) (layers F.Cu F.Paste F.Mask) (roundrect_rratio 0.25)
      (net 2 GND))
    (model ${KISYS3DMOD}/Capacitor_SMD.3dshapes/C_0603_1608Metric.wrl
      (at (xyz 0 0 0))
      (scale (xyz 1 1 1))
      (rotate (xyz 0 0 0))
    )
  )

  (module Capacitor_SMD:C_0603_1608Metric (layer F.Cu) (tedit 5B301BBE) (tstamp 604CE4BC)
    (at 40.132 138.2015 270)
    (descr "Capacitor SMD 0603 (1608 Metric), square (rectangular) end terminal, IPC_7351 nominal, (Body size source: http://www.tortai-tech.com/upload/download/2011102023233369053.pdf), generated with kicad-footprint-generator")
    (tags capacitor)
    (path /6035AF6C/604FEFB6)
    (attr smd)
    (fp_text reference C5 (at 0 -1.43 90) (layer F.SilkS)
      (effects (font (size 1 1) (thickness 0.15)))
    )
    (fp_text value 0.1uF (at 0 1.43 90) (layer F.Fab)
      (effects (font (size 1 1) (thickness 0.15)))
    )
    (fp_line (start -0.8 0.4) (end -0.8 -0.4) (layer F.Fab) (width 0.1))
    (fp_line (start -0.8 -0.4) (end 0.8 -0.4) (layer F.Fab) (width 0.1))
    (fp_line (start 0.8 -0.4) (end 0.8 0.4) (layer F.Fab) (width 0.1))
    (fp_line (start 0.8 0.4) (end -0.8 0.4) (layer F.Fab) (width 0.1))
    (fp_line (start -0.162779 -0.51) (end 0.162779 -0.51) (layer F.SilkS) (width 0.12))
    (fp_line (start -0.162779 0.51) (end 0.162779 0.51) (layer F.SilkS) (width 0.12))
    (fp_line (start -1.48 0.73) (end -1.48 -0.73) (layer F.CrtYd) (width 0.05))
    (fp_line (start -1.48 -0.73) (end 1.48 -0.73) (layer F.CrtYd) (width 0.05))
    (fp_line (start 1.48 -0.73) (end 1.48 0.73) (layer F.CrtYd) (width 0.05))
    (fp_line (start 1.48 0.73) (end -1.48 0.73) (layer F.CrtYd) (width 0.05))
    (fp_text user %R (at 0 0 90) (layer F.Fab)
      (effects (font (size 0.4 0.4) (thickness 0.06)))
    )
    (pad 1 smd roundrect (at -0.7875 0 270) (size 0.875 0.95) (layers F.Cu F.Paste F.Mask) (roundrect_rratio 0.25)
      (net 1 +5V))
    (pad 2 smd roundrect (at 0.7875 0 270) (size 0.875 0.95) (layers F.Cu F.Paste F.Mask) (roundrect_rratio 0.25)
      (net 2 GND))
    (model ${KISYS3DMOD}/Capacitor_SMD.3dshapes/C_0603_1608Metric.wrl
      (at (xyz 0 0 0))
      (scale (xyz 1 1 1))
      (rotate (xyz 0 0 0))
    )
  )

  (module Capacitor_SMD:C_0603_1608Metric (layer F.Cu) (tedit 5B301BBE) (tstamp 604CE4CD)
    (at 40.132 155.2195 270)
    (descr "Capacitor SMD 0603 (1608 Metric), square (rectangular) end terminal, IPC_7351 nominal, (Body size source: http://www.tortai-tech.com/upload/download/2011102023233369053.pdf), generated with kicad-footprint-generator")
    (tags capacitor)
    (path /6035AF6C/604FEFBC)
    (attr smd)
    (fp_text reference C6 (at 0 -1.43 90) (layer F.SilkS)
      (effects (font (size 1 1) (thickness 0.15)))
    )
    (fp_text value 0.1uF (at 0 1.43 90) (layer F.Fab)
      (effects (font (size 1 1) (thickness 0.15)))
    )
    (fp_text user %R (at 0 0 90) (layer F.Fab)
      (effects (font (size 0.4 0.4) (thickness 0.06)))
    )
    (fp_line (start 1.48 0.73) (end -1.48 0.73) (layer F.CrtYd) (width 0.05))
    (fp_line (start 1.48 -0.73) (end 1.48 0.73) (layer F.CrtYd) (width 0.05))
    (fp_line (start -1.48 -0.73) (end 1.48 -0.73) (layer F.CrtYd) (width 0.05))
    (fp_line (start -1.48 0.73) (end -1.48 -0.73) (layer F.CrtYd) (width 0.05))
    (fp_line (start -0.162779 0.51) (end 0.162779 0.51) (layer F.SilkS) (width 0.12))
    (fp_line (start -0.162779 -0.51) (end 0.162779 -0.51) (layer F.SilkS) (width 0.12))
    (fp_line (start 0.8 0.4) (end -0.8 0.4) (layer F.Fab) (width 0.1))
    (fp_line (start 0.8 -0.4) (end 0.8 0.4) (layer F.Fab) (width 0.1))
    (fp_line (start -0.8 -0.4) (end 0.8 -0.4) (layer F.Fab) (width 0.1))
    (fp_line (start -0.8 0.4) (end -0.8 -0.4) (layer F.Fab) (width 0.1))
    (pad 2 smd roundrect (at 0.7875 0 270) (size 0.875 0.95) (layers F.Cu F.Paste F.Mask) (roundrect_rratio 0.25)
      (net 2 GND))
    (pad 1 smd roundrect (at -0.7875 0 270) (size 0.875 0.95) (layers F.Cu F.Paste F.Mask) (roundrect_rratio 0.25)
      (net 1 +5V))
    (model ${KISYS3DMOD}/Capacitor_SMD.3dshapes/C_0603_1608Metric.wrl
      (at (xyz 0 0 0))
      (scale (xyz 1 1 1))
      (rotate (xyz 0 0 0))
    )
  )

  (module Capacitor_SMD:C_0603_1608Metric (layer F.Cu) (tedit 5B301BBE) (tstamp 604CE4DE)
    (at 40.132 171.9835 270)
    (descr "Capacitor SMD 0603 (1608 Metric), square (rectangular) end terminal, IPC_7351 nominal, (Body size source: http://www.tortai-tech.com/upload/download/2011102023233369053.pdf), generated with kicad-footprint-generator")
    (tags capacitor)
    (path /6035AF6C/60504B48)
    (attr smd)
    (fp_text reference C7 (at 0 -1.43 90) (layer F.SilkS)
      (effects (font (size 1 1) (thickness 0.15)))
    )
    (fp_text value 0.1uF (at 0 1.43 90) (layer F.Fab)
      (effects (font (size 1 1) (thickness 0.15)))
    )
    (fp_text user %R (at 0 0 90) (layer F.Fab)
      (effects (font (size 0.4 0.4) (thickness 0.06)))
    )
    (fp_line (start 1.48 0.73) (end -1.48 0.73) (layer F.CrtYd) (width 0.05))
    (fp_line (start 1.48 -0.73) (end 1.48 0.73) (layer F.CrtYd) (width 0.05))
    (fp_line (start -1.48 -0.73) (end 1.48 -0.73) (layer F.CrtYd) (width 0.05))
    (fp_line (start -1.48 0.73) (end -1.48 -0.73) (layer F.CrtYd) (width 0.05))
    (fp_line (start -0.162779 0.51) (end 0.162779 0.51) (layer F.SilkS) (width 0.12))
    (fp_line (start -0.162779 -0.51) (end 0.162779 -0.51) (layer F.SilkS) (width 0.12))
    (fp_line (start 0.8 0.4) (end -0.8 0.4) (layer F.Fab) (width 0.1))
    (fp_line (start 0.8 -0.4) (end 0.8 0.4) (layer F.Fab) (width 0.1))
    (fp_line (start -0.8 -0.4) (end 0.8 -0.4) (layer F.Fab) (width 0.1))
    (fp_line (start -0.8 0.4) (end -0.8 -0.4) (layer F.Fab) (width 0.1))
    (pad 2 smd roundrect (at 0.7875 0 270) (size 0.875 0.95) (layers F.Cu F.Paste F.Mask) (roundrect_rratio 0.25)
      (net 2 GND))
    (pad 1 smd roundrect (at -0.7875 0 270) (size 0.875 0.95) (layers F.Cu F.Paste F.Mask) (roundrect_rratio 0.25)
      (net 1 +5V))
    (model ${KISYS3DMOD}/Capacitor_SMD.3dshapes/C_0603_1608Metric.wrl
      (at (xyz 0 0 0))
      (scale (xyz 1 1 1))
      (rotate (xyz 0 0 0))
    )
  )

  (module Capacitor_SMD:C_0603_1608Metric (layer F.Cu) (tedit 5B301BBE) (tstamp 604CE4EF)
    (at 40.132 189.0015 270)
    (descr "Capacitor SMD 0603 (1608 Metric), square (rectangular) end terminal, IPC_7351 nominal, (Body size source: http://www.tortai-tech.com/upload/download/2011102023233369053.pdf), generated with kicad-footprint-generator")
    (tags capacitor)
    (path /6035AF6C/60504B4E)
    (attr smd)
    (fp_text reference C8 (at 0 -1.43 90) (layer F.SilkS)
      (effects (font (size 1 1) (thickness 0.15)))
    )
    (fp_text value 0.1uF (at 0 1.43 90) (layer F.Fab)
      (effects (font (size 1 1) (thickness 0.15)))
    )
    (fp_line (start -0.8 0.4) (end -0.8 -0.4) (layer F.Fab) (width 0.1))
    (fp_line (start -0.8 -0.4) (end 0.8 -0.4) (layer F.Fab) (width 0.1))
    (fp_line (start 0.8 -0.4) (end 0.8 0.4) (layer F.Fab) (width 0.1))
    (fp_line (start 0.8 0.4) (end -0.8 0.4) (layer F.Fab) (width 0.1))
    (fp_line (start -0.162779 -0.51) (end 0.162779 -0.51) (layer F.SilkS) (width 0.12))
    (fp_line (start -0.162779 0.51) (end 0.162779 0.51) (layer F.SilkS) (width 0.12))
    (fp_line (start -1.48 0.73) (end -1.48 -0.73) (layer F.CrtYd) (width 0.05))
    (fp_line (start -1.48 -0.73) (end 1.48 -0.73) (layer F.CrtYd) (width 0.05))
    (fp_line (start 1.48 -0.73) (end 1.48 0.73) (layer F.CrtYd) (width 0.05))
    (fp_line (start 1.48 0.73) (end -1.48 0.73) (layer F.CrtYd) (width 0.05))
    (fp_text user %R (at 0 0 270) (layer F.Fab)
      (effects (font (size 0.4 0.4) (thickness 0.06)))
    )
    (pad 1 smd roundrect (at -0.7875 0 270) (size 0.875 0.95) (layers F.Cu F.Paste F.Mask) (roundrect_rratio 0.25)
      (net 1 +5V))
    (pad 2 smd roundrect (at 0.7875 0 270) (size 0.875 0.95) (layers F.Cu F.Paste F.Mask) (roundrect_rratio 0.25)
      (net 2 GND))
    (model ${KISYS3DMOD}/Capacitor_SMD.3dshapes/C_0603_1608Metric.wrl
      (at (xyz 0 0 0))
      (scale (xyz 1 1 1))
      (rotate (xyz 0 0 0))
    )
  )

  (module LED_SMD:LED_RGB_5050-6 (layer F.Cu) (tedit 59155824) (tstamp 604CE507)
    (at 43.688 66.294 270)
    (descr http://cdn.sparkfun.com/datasheets/Components/LED/5060BRG4.pdf)
    (tags "RGB LED 5050-6")
    (path /6035AF6C/604DB47D)
    (attr smd)
    (fp_text reference D1 (at 0 -3.5 270) (layer F.SilkS)
      (effects (font (size 1 1) (thickness 0.15)))
    )
    (fp_text value APA102 (at 0 3.3 90) (layer F.Fab)
      (effects (font (size 1 1) (thickness 0.15)))
    )
    (fp_circle (center 0 0) (end 0 -1.9) (layer F.Fab) (width 0.1))
    (fp_text user %R (at 0 0) (layer F.Fab)
      (effects (font (size 0.6 0.6) (thickness 0.06)))
    )
    (fp_line (start -3.65 -2.75) (end -3.65 2.75) (layer F.CrtYd) (width 0.05))
    (fp_line (start -3.65 2.75) (end 3.65 2.75) (layer F.CrtYd) (width 0.05))
    (fp_line (start 3.65 2.75) (end 3.65 -2.75) (layer F.CrtYd) (width 0.05))
    (fp_line (start 3.65 -2.75) (end -3.65 -2.75) (layer F.CrtYd) (width 0.05))
    (fp_line (start 2.5 2.7) (end -2.5 2.7) (layer F.SilkS) (width 0.12))
    (fp_line (start -3.6 -1.6) (end -3.6 -2.7) (layer F.SilkS) (width 0.12))
    (fp_line (start -3.6 -2.7) (end 2.5 -2.7) (layer F.SilkS) (width 0.12))
    (fp_line (start -2.5 -2.5) (end -2.5 2.5) (layer F.Fab) (width 0.1))
    (fp_line (start -2.5 2.5) (end 2.5 2.5) (layer F.Fab) (width 0.1))
    (fp_line (start 2.5 2.5) (end 2.5 -2.5) (layer F.Fab) (width 0.1))
    (fp_line (start 2.5 -2.5) (end -2.5 -2.5) (layer F.Fab) (width 0.1))
    (fp_line (start -2.5 -1.9) (end -1.9 -2.5) (layer F.Fab) (width 0.1))
    (pad 6 smd rect (at 2.4 -1.7) (size 1.1 2) (layers F.Cu F.Paste F.Mask)
      (net 11 "Net-(D1-Pad6)"))
    (pad 5 smd rect (at 2.4 0) (size 1.1 2) (layers F.Cu F.Paste F.Mask)
      (net 12 "Net-(D1-Pad5)"))
    (pad 4 smd rect (at 2.4 1.7) (size 1.1 2) (layers F.Cu F.Paste F.Mask)
      (net 1 +5V))
    (pad 3 smd rect (at -2.4 1.7) (size 1.1 2) (layers F.Cu F.Paste F.Mask)
      (net 2 GND))
    (pad 2 smd rect (at -2.4 0) (size 1.1 2) (layers F.Cu F.Paste F.Mask)
      (net 13 "/LED BAR/BAR_CI"))
    (pad 1 smd rect (at -2.4 -1.7) (size 1.1 2) (layers F.Cu F.Paste F.Mask)
      (net 14 "/LED BAR/BAR_DI"))
    (model ${KISYS3DMOD}/LED_SMD.3dshapes/LED_RGB_5050-6.wrl
      (at (xyz 0 0 0))
      (scale (xyz 1 1 1))
      (rotate (xyz 0 0 0))
    )
  )

  (module LED_SMD:LED_RGB_5050-6 (layer F.Cu) (tedit 59155824) (tstamp 604CEE55)
    (at 43.688 74.676 270)
    (descr http://cdn.sparkfun.com/datasheets/Components/LED/5060BRG4.pdf)
    (tags "RGB LED 5050-6")
    (path /6035AF6C/604E937C)
    (attr smd)
    (fp_text reference D2 (at 0 -3.5 270) (layer F.SilkS)
      (effects (font (size 1 1) (thickness 0.15)))
    )
    (fp_text value APA102 (at 0 3.3 90) (layer F.Fab)
      (effects (font (size 1 1) (thickness 0.15)))
    )
    (fp_line (start -2.5 -1.9) (end -1.9 -2.5) (layer F.Fab) (width 0.1))
    (fp_line (start 2.5 -2.5) (end -2.5 -2.5) (layer F.Fab) (width 0.1))
    (fp_line (start 2.5 2.5) (end 2.5 -2.5) (layer F.Fab) (width 0.1))
    (fp_line (start -2.5 2.5) (end 2.5 2.5) (layer F.Fab) (width 0.1))
    (fp_line (start -2.5 -2.5) (end -2.5 2.5) (layer F.Fab) (width 0.1))
    (fp_line (start -3.6 -2.7) (end 2.5 -2.7) (layer F.SilkS) (width 0.12))
    (fp_line (start -3.6 -1.6) (end -3.6 -2.7) (layer F.SilkS) (width 0.12))
    (fp_line (start 2.5 2.7) (end -2.5 2.7) (layer F.SilkS) (width 0.12))
    (fp_line (start 3.65 -2.75) (end -3.65 -2.75) (layer F.CrtYd) (width 0.05))
    (fp_line (start 3.65 2.75) (end 3.65 -2.75) (layer F.CrtYd) (width 0.05))
    (fp_line (start -3.65 2.75) (end 3.65 2.75) (layer F.CrtYd) (width 0.05))
    (fp_line (start -3.65 -2.75) (end -3.65 2.75) (layer F.CrtYd) (width 0.05))
    (fp_text user %R (at 0 0 90) (layer F.Fab)
      (effects (font (size 0.6 0.6) (thickness 0.06)))
    )
    (fp_circle (center 0 0) (end 0 -1.9) (layer F.Fab) (width 0.1))
    (pad 1 smd rect (at -2.4 -1.7) (size 1.1 2) (layers F.Cu F.Paste F.Mask)
      (net 11 "Net-(D1-Pad6)"))
    (pad 2 smd rect (at -2.4 0) (size 1.1 2) (layers F.Cu F.Paste F.Mask)
      (net 12 "Net-(D1-Pad5)"))
    (pad 3 smd rect (at -2.4 1.7) (size 1.1 2) (layers F.Cu F.Paste F.Mask)
      (net 2 GND))
    (pad 4 smd rect (at 2.4 1.7) (size 1.1 2) (layers F.Cu F.Paste F.Mask)
      (net 1 +5V))
    (pad 5 smd rect (at 2.4 0) (size 1.1 2) (layers F.Cu F.Paste F.Mask)
      (net 15 "Net-(D2-Pad5)"))
    (pad 6 smd rect (at 2.4 -1.7) (size 1.1 2) (layers F.Cu F.Paste F.Mask)
      (net 16 "Net-(D2-Pad6)"))
    (model ${KISYS3DMOD}/LED_SMD.3dshapes/LED_RGB_5050-6.wrl
      (at (xyz 0 0 0))
      (scale (xyz 1 1 1))
      (rotate (xyz 0 0 0))
    )
  )

  (module LED_SMD:LED_RGB_5050-6 (layer F.Cu) (tedit 59155824) (tstamp 604CE537)
    (at 43.688 83.198 270)
    (descr http://cdn.sparkfun.com/datasheets/Components/LED/5060BRG4.pdf)
    (tags "RGB LED 5050-6")
    (path /6035AF6C/604E9F39)
    (attr smd)
    (fp_text reference D3 (at 0 -3.5 270) (layer F.SilkS)
      (effects (font (size 1 1) (thickness 0.15)))
    )
    (fp_text value APA102 (at 0 3.3 90) (layer F.Fab)
      (effects (font (size 1 1) (thickness 0.15)))
    )
    (fp_circle (center 0 0) (end 0 -1.9) (layer F.Fab) (width 0.1))
    (fp_text user %R (at 0 0 90) (layer F.Fab)
      (effects (font (size 0.6 0.6) (thickness 0.06)))
    )
    (fp_line (start -3.65 -2.75) (end -3.65 2.75) (layer F.CrtYd) (width 0.05))
    (fp_line (start -3.65 2.75) (end 3.65 2.75) (layer F.CrtYd) (width 0.05))
    (fp_line (start 3.65 2.75) (end 3.65 -2.75) (layer F.CrtYd) (width 0.05))
    (fp_line (start 3.65 -2.75) (end -3.65 -2.75) (layer F.CrtYd) (width 0.05))
    (fp_line (start 2.5 2.7) (end -2.5 2.7) (layer F.SilkS) (width 0.12))
    (fp_line (start -3.6 -1.6) (end -3.6 -2.7) (layer F.SilkS) (width 0.12))
    (fp_line (start -3.6 -2.7) (end 2.5 -2.7) (layer F.SilkS) (width 0.12))
    (fp_line (start -2.5 -2.5) (end -2.5 2.5) (layer F.Fab) (width 0.1))
    (fp_line (start -2.5 2.5) (end 2.5 2.5) (layer F.Fab) (width 0.1))
    (fp_line (start 2.5 2.5) (end 2.5 -2.5) (layer F.Fab) (width 0.1))
    (fp_line (start 2.5 -2.5) (end -2.5 -2.5) (layer F.Fab) (width 0.1))
    (fp_line (start -2.5 -1.9) (end -1.9 -2.5) (layer F.Fab) (width 0.1))
    (pad 6 smd rect (at 2.4 -1.7) (size 1.1 2) (layers F.Cu F.Paste F.Mask)
      (net 17 "Net-(D3-Pad6)"))
    (pad 5 smd rect (at 2.4 0) (size 1.1 2) (layers F.Cu F.Paste F.Mask)
      (net 18 "Net-(D3-Pad5)"))
    (pad 4 smd rect (at 2.4 1.7) (size 1.1 2) (layers F.Cu F.Paste F.Mask)
      (net 1 +5V))
    (pad 3 smd rect (at -2.4 1.7) (size 1.1 2) (layers F.Cu F.Paste F.Mask)
      (net 2 GND))
    (pad 2 smd rect (at -2.4 0) (size 1.1 2) (layers F.Cu F.Paste F.Mask)
      (net 15 "Net-(D2-Pad5)"))
    (pad 1 smd rect (at -2.4 -1.7) (size 1.1 2) (layers F.Cu F.Paste F.Mask)
      (net 16 "Net-(D2-Pad6)"))
    (model ${KISYS3DMOD}/LED_SMD.3dshapes/LED_RGB_5050-6.wrl
      (at (xyz 0 0 0))
      (scale (xyz 1 1 1))
      (rotate (xyz 0 0 0))
    )
  )

  (module LED_SMD:LED_RGB_5050-6 (layer F.Cu) (tedit 59155824) (tstamp 604CE54F)
    (at 43.688 91.326 270)
    (descr http://cdn.sparkfun.com/datasheets/Components/LED/5060BRG4.pdf)
    (tags "RGB LED 5050-6")
    (path /6035AF6C/604EA83B)
    (attr smd)
    (fp_text reference D4 (at 0 -3.5 270) (layer F.SilkS)
      (effects (font (size 1 1) (thickness 0.15)))
    )
    (fp_text value APA102 (at 0 3.3 90) (layer F.Fab)
      (effects (font (size 1 1) (thickness 0.15)))
    )
    (fp_line (start -2.5 -1.9) (end -1.9 -2.5) (layer F.Fab) (width 0.1))
    (fp_line (start 2.5 -2.5) (end -2.5 -2.5) (layer F.Fab) (width 0.1))
    (fp_line (start 2.5 2.5) (end 2.5 -2.5) (layer F.Fab) (width 0.1))
    (fp_line (start -2.5 2.5) (end 2.5 2.5) (layer F.Fab) (width 0.1))
    (fp_line (start -2.5 -2.5) (end -2.5 2.5) (layer F.Fab) (width 0.1))
    (fp_line (start -3.6 -2.7) (end 2.5 -2.7) (layer F.SilkS) (width 0.12))
    (fp_line (start -3.6 -1.6) (end -3.6 -2.7) (layer F.SilkS) (width 0.12))
    (fp_line (start 2.5 2.7) (end -2.5 2.7) (layer F.SilkS) (width 0.12))
    (fp_line (start 3.65 -2.75) (end -3.65 -2.75) (layer F.CrtYd) (width 0.05))
    (fp_line (start 3.65 2.75) (end 3.65 -2.75) (layer F.CrtYd) (width 0.05))
    (fp_line (start -3.65 2.75) (end 3.65 2.75) (layer F.CrtYd) (width 0.05))
    (fp_line (start -3.65 -2.75) (end -3.65 2.75) (layer F.CrtYd) (width 0.05))
    (fp_text user %R (at 0 0 90) (layer F.Fab)
      (effects (font (size 0.6 0.6) (thickness 0.06)))
    )
    (fp_circle (center 0 0) (end 0 -1.9) (layer F.Fab) (width 0.1))
    (pad 1 smd rect (at -2.4 -1.7) (size 1.1 2) (layers F.Cu F.Paste F.Mask)
      (net 17 "Net-(D3-Pad6)"))
    (pad 2 smd rect (at -2.4 0) (size 1.1 2) (layers F.Cu F.Paste F.Mask)
      (net 18 "Net-(D3-Pad5)"))
    (pad 3 smd rect (at -2.4 1.7) (size 1.1 2) (layers F.Cu F.Paste F.Mask)
      (net 2 GND))
    (pad 4 smd rect (at 2.4 1.7) (size 1.1 2) (layers F.Cu F.Paste F.Mask)
      (net 1 +5V))
    (pad 5 smd rect (at 2.4 0) (size 1.1 2) (layers F.Cu F.Paste F.Mask)
      (net 19 "Net-(D4-Pad5)"))
    (pad 6 smd rect (at 2.4 -1.7) (size 1.1 2) (layers F.Cu F.Paste F.Mask)
      (net 20 "Net-(D4-Pad6)"))
    (model ${KISYS3DMOD}/LED_SMD.3dshapes/LED_RGB_5050-6.wrl
      (at (xyz 0 0 0))
      (scale (xyz 1 1 1))
      (rotate (xyz 0 0 0))
    )
  )

  (module LED_SMD:LED_RGB_5050-6 (layer F.Cu) (tedit 59155824) (tstamp 604CE567)
    (at 43.688 99.822 270)
    (descr http://cdn.sparkfun.com/datasheets/Components/LED/5060BRG4.pdf)
    (tags "RGB LED 5050-6")
    (path /6035AF6C/604F8B0A)
    (attr smd)
    (fp_text reference D5 (at 0 -3.5 270) (layer F.SilkS)
      (effects (font (size 1 1) (thickness 0.15)))
    )
    (fp_text value APA102 (at 0 3.3 90) (layer F.Fab)
      (effects (font (size 1 1) (thickness 0.15)))
    )
    (fp_circle (center 0 0) (end 0 -1.9) (layer F.Fab) (width 0.1))
    (fp_text user %R (at 0 0 90) (layer F.Fab)
      (effects (font (size 0.6 0.6) (thickness 0.06)))
    )
    (fp_line (start -3.65 -2.75) (end -3.65 2.75) (layer F.CrtYd) (width 0.05))
    (fp_line (start -3.65 2.75) (end 3.65 2.75) (layer F.CrtYd) (width 0.05))
    (fp_line (start 3.65 2.75) (end 3.65 -2.75) (layer F.CrtYd) (width 0.05))
    (fp_line (start 3.65 -2.75) (end -3.65 -2.75) (layer F.CrtYd) (width 0.05))
    (fp_line (start 2.5 2.7) (end -2.5 2.7) (layer F.SilkS) (width 0.12))
    (fp_line (start -3.6 -1.6) (end -3.6 -2.7) (layer F.SilkS) (width 0.12))
    (fp_line (start -3.6 -2.7) (end 2.5 -2.7) (layer F.SilkS) (width 0.12))
    (fp_line (start -2.5 -2.5) (end -2.5 2.5) (layer F.Fab) (width 0.1))
    (fp_line (start -2.5 2.5) (end 2.5 2.5) (layer F.Fab) (width 0.1))
    (fp_line (start 2.5 2.5) (end 2.5 -2.5) (layer F.Fab) (width 0.1))
    (fp_line (start 2.5 -2.5) (end -2.5 -2.5) (layer F.Fab) (width 0.1))
    (fp_line (start -2.5 -1.9) (end -1.9 -2.5) (layer F.Fab) (width 0.1))
    (pad 6 smd rect (at 2.4 -1.7) (size 1.1 2) (layers F.Cu F.Paste F.Mask)
      (net 21 "Net-(D5-Pad6)"))
    (pad 5 smd rect (at 2.4 0) (size 1.1 2) (layers F.Cu F.Paste F.Mask)
      (net 22 "Net-(D5-Pad5)"))
    (pad 4 smd rect (at 2.4 1.7) (size 1.1 2) (layers F.Cu F.Paste F.Mask)
      (net 1 +5V))
    (pad 3 smd rect (at -2.4 1.7) (size 1.1 2) (layers F.Cu F.Paste F.Mask)
      (net 2 GND))
    (pad 2 smd rect (at -2.4 0) (size 1.1 2) (layers F.Cu F.Paste F.Mask)
      (net 19 "Net-(D4-Pad5)"))
    (pad 1 smd rect (at -2.4 -1.7) (size 1.1 2) (layers F.Cu F.Paste F.Mask)
      (net 20 "Net-(D4-Pad6)"))
    (model ${KISYS3DMOD}/LED_SMD.3dshapes/LED_RGB_5050-6.wrl
      (at (xyz 0 0 0))
      (scale (xyz 1 1 1))
      (rotate (xyz 0 0 0))
    )
  )

  (module LED_SMD:LED_RGB_5050-6 (layer F.Cu) (tedit 59155824) (tstamp 604CE57F)
    (at 43.688 108.09 270)
    (descr http://cdn.sparkfun.com/datasheets/Components/LED/5060BRG4.pdf)
    (tags "RGB LED 5050-6")
    (path /6035AF6C/604F8B2A)
    (attr smd)
    (fp_text reference D6 (at 0 -3.5 270) (layer F.SilkS)
      (effects (font (size 1 1) (thickness 0.15)))
    )
    (fp_text value APA102 (at 0 3.3 90) (layer F.Fab)
      (effects (font (size 1 1) (thickness 0.15)))
    )
    (fp_line (start -2.5 -1.9) (end -1.9 -2.5) (layer F.Fab) (width 0.1))
    (fp_line (start 2.5 -2.5) (end -2.5 -2.5) (layer F.Fab) (width 0.1))
    (fp_line (start 2.5 2.5) (end 2.5 -2.5) (layer F.Fab) (width 0.1))
    (fp_line (start -2.5 2.5) (end 2.5 2.5) (layer F.Fab) (width 0.1))
    (fp_line (start -2.5 -2.5) (end -2.5 2.5) (layer F.Fab) (width 0.1))
    (fp_line (start -3.6 -2.7) (end 2.5 -2.7) (layer F.SilkS) (width 0.12))
    (fp_line (start -3.6 -1.6) (end -3.6 -2.7) (layer F.SilkS) (width 0.12))
    (fp_line (start 2.5 2.7) (end -2.5 2.7) (layer F.SilkS) (width 0.12))
    (fp_line (start 3.65 -2.75) (end -3.65 -2.75) (layer F.CrtYd) (width 0.05))
    (fp_line (start 3.65 2.75) (end 3.65 -2.75) (layer F.CrtYd) (width 0.05))
    (fp_line (start -3.65 2.75) (end 3.65 2.75) (layer F.CrtYd) (width 0.05))
    (fp_line (start -3.65 -2.75) (end -3.65 2.75) (layer F.CrtYd) (width 0.05))
    (fp_text user %R (at 0 0 90) (layer F.Fab)
      (effects (font (size 0.6 0.6) (thickness 0.06)))
    )
    (fp_circle (center 0 0) (end 0 -1.9) (layer F.Fab) (width 0.1))
    (pad 1 smd rect (at -2.4 -1.7) (size 1.1 2) (layers F.Cu F.Paste F.Mask)
      (net 21 "Net-(D5-Pad6)"))
    (pad 2 smd rect (at -2.4 0) (size 1.1 2) (layers F.Cu F.Paste F.Mask)
      (net 22 "Net-(D5-Pad5)"))
    (pad 3 smd rect (at -2.4 1.7) (size 1.1 2) (layers F.Cu F.Paste F.Mask)
      (net 2 GND))
    (pad 4 smd rect (at 2.4 1.7) (size 1.1 2) (layers F.Cu F.Paste F.Mask)
      (net 1 +5V))
    (pad 5 smd rect (at 2.4 0) (size 1.1 2) (layers F.Cu F.Paste F.Mask)
      (net 23 "Net-(D6-Pad5)"))
    (pad 6 smd rect (at 2.4 -1.7) (size 1.1 2) (layers F.Cu F.Paste F.Mask)
      (net 24 "Net-(D6-Pad6)"))
    (model ${KISYS3DMOD}/LED_SMD.3dshapes/LED_RGB_5050-6.wrl
      (at (xyz 0 0 0))
      (scale (xyz 1 1 1))
      (rotate (xyz 0 0 0))
    )
  )

  (module LED_SMD:LED_RGB_5050-6 (layer F.Cu) (tedit 59155824) (tstamp 604CE597)
    (at 43.688 116.332 270)
    (descr http://cdn.sparkfun.com/datasheets/Components/LED/5060BRG4.pdf)
    (tags "RGB LED 5050-6")
    (path /6035AF6C/604F8B3E)
    (attr smd)
    (fp_text reference D7 (at 0 -3.5 270) (layer F.SilkS)
      (effects (font (size 1 1) (thickness 0.15)))
    )
    (fp_text value APA102 (at 0 3.3 90) (layer F.Fab)
      (effects (font (size 1 1) (thickness 0.15)))
    )
    (fp_circle (center 0 0) (end 0 -1.9) (layer F.Fab) (width 0.1))
    (fp_text user %R (at 0 0 90) (layer F.Fab)
      (effects (font (size 0.6 0.6) (thickness 0.06)))
    )
    (fp_line (start -3.65 -2.75) (end -3.65 2.75) (layer F.CrtYd) (width 0.05))
    (fp_line (start -3.65 2.75) (end 3.65 2.75) (layer F.CrtYd) (width 0.05))
    (fp_line (start 3.65 2.75) (end 3.65 -2.75) (layer F.CrtYd) (width 0.05))
    (fp_line (start 3.65 -2.75) (end -3.65 -2.75) (layer F.CrtYd) (width 0.05))
    (fp_line (start 2.5 2.7) (end -2.5 2.7) (layer F.SilkS) (width 0.12))
    (fp_line (start -3.6 -1.6) (end -3.6 -2.7) (layer F.SilkS) (width 0.12))
    (fp_line (start -3.6 -2.7) (end 2.5 -2.7) (layer F.SilkS) (width 0.12))
    (fp_line (start -2.5 -2.5) (end -2.5 2.5) (layer F.Fab) (width 0.1))
    (fp_line (start -2.5 2.5) (end 2.5 2.5) (layer F.Fab) (width 0.1))
    (fp_line (start 2.5 2.5) (end 2.5 -2.5) (layer F.Fab) (width 0.1))
    (fp_line (start 2.5 -2.5) (end -2.5 -2.5) (layer F.Fab) (width 0.1))
    (fp_line (start -2.5 -1.9) (end -1.9 -2.5) (layer F.Fab) (width 0.1))
    (pad 6 smd rect (at 2.4 -1.7) (size 1.1 2) (layers F.Cu F.Paste F.Mask)
      (net 25 "Net-(D7-Pad6)"))
    (pad 5 smd rect (at 2.4 0) (size 1.1 2) (layers F.Cu F.Paste F.Mask)
      (net 26 "Net-(D7-Pad5)"))
    (pad 4 smd rect (at 2.4 1.7) (size 1.1 2) (layers F.Cu F.Paste F.Mask)
      (net 1 +5V))
    (pad 3 smd rect (at -2.4 1.7) (size 1.1 2) (layers F.Cu F.Paste F.Mask)
      (net 2 GND))
    (pad 2 smd rect (at -2.4 0) (size 1.1 2) (layers F.Cu F.Paste F.Mask)
      (net 23 "Net-(D6-Pad5)"))
    (pad 1 smd rect (at -2.4 -1.7) (size 1.1 2) (layers F.Cu F.Paste F.Mask)
      (net 24 "Net-(D6-Pad6)"))
    (model ${KISYS3DMOD}/LED_SMD.3dshapes/LED_RGB_5050-6.wrl
      (at (xyz 0 0 0))
      (scale (xyz 1 1 1))
      (rotate (xyz 0 0 0))
    )
  )

  (module LED_SMD:LED_RGB_5050-6 (layer F.Cu) (tedit 59155824) (tstamp 604CE5AF)
    (at 43.688 124.854 270)
    (descr http://cdn.sparkfun.com/datasheets/Components/LED/5060BRG4.pdf)
    (tags "RGB LED 5050-6")
    (path /6035AF6C/604F8B52)
    (attr smd)
    (fp_text reference D8 (at 0 -3.5 270) (layer F.SilkS)
      (effects (font (size 1 1) (thickness 0.15)))
    )
    (fp_text value APA102 (at 0 3.3 90) (layer F.Fab)
      (effects (font (size 1 1) (thickness 0.15)))
    )
    (fp_line (start -2.5 -1.9) (end -1.9 -2.5) (layer F.Fab) (width 0.1))
    (fp_line (start 2.5 -2.5) (end -2.5 -2.5) (layer F.Fab) (width 0.1))
    (fp_line (start 2.5 2.5) (end 2.5 -2.5) (layer F.Fab) (width 0.1))
    (fp_line (start -2.5 2.5) (end 2.5 2.5) (layer F.Fab) (width 0.1))
    (fp_line (start -2.5 -2.5) (end -2.5 2.5) (layer F.Fab) (width 0.1))
    (fp_line (start -3.6 -2.7) (end 2.5 -2.7) (layer F.SilkS) (width 0.12))
    (fp_line (start -3.6 -1.6) (end -3.6 -2.7) (layer F.SilkS) (width 0.12))
    (fp_line (start 2.5 2.7) (end -2.5 2.7) (layer F.SilkS) (width 0.12))
    (fp_line (start 3.65 -2.75) (end -3.65 -2.75) (layer F.CrtYd) (width 0.05))
    (fp_line (start 3.65 2.75) (end 3.65 -2.75) (layer F.CrtYd) (width 0.05))
    (fp_line (start -3.65 2.75) (end 3.65 2.75) (layer F.CrtYd) (width 0.05))
    (fp_line (start -3.65 -2.75) (end -3.65 2.75) (layer F.CrtYd) (width 0.05))
    (fp_text user %R (at 0 0 90) (layer F.Fab)
      (effects (font (size 0.6 0.6) (thickness 0.06)))
    )
    (fp_circle (center 0 0) (end 0 -1.9) (layer F.Fab) (width 0.1))
    (pad 1 smd rect (at -2.4 -1.7) (size 1.1 2) (layers F.Cu F.Paste F.Mask)
      (net 25 "Net-(D7-Pad6)"))
    (pad 2 smd rect (at -2.4 0) (size 1.1 2) (layers F.Cu F.Paste F.Mask)
      (net 26 "Net-(D7-Pad5)"))
    (pad 3 smd rect (at -2.4 1.7) (size 1.1 2) (layers F.Cu F.Paste F.Mask)
      (net 2 GND))
    (pad 4 smd rect (at 2.4 1.7) (size 1.1 2) (layers F.Cu F.Paste F.Mask)
      (net 1 +5V))
    (pad 5 smd rect (at 2.4 0) (size 1.1 2) (layers F.Cu F.Paste F.Mask)
      (net 27 "Net-(D8-Pad5)"))
    (pad 6 smd rect (at 2.4 -1.7) (size 1.1 2) (layers F.Cu F.Paste F.Mask)
      (net 28 "Net-(D8-Pad6)"))
    (model ${KISYS3DMOD}/LED_SMD.3dshapes/LED_RGB_5050-6.wrl
      (at (xyz 0 0 0))
      (scale (xyz 1 1 1))
      (rotate (xyz 0 0 0))
    )
  )

  (module LED_SMD:LED_RGB_5050-6 (layer F.Cu) (tedit 59155824) (tstamp 604CE5C7)
    (at 43.688 133.858 270)
    (descr http://cdn.sparkfun.com/datasheets/Components/LED/5060BRG4.pdf)
    (tags "RGB LED 5050-6")
    (path /6035AF6C/604FEFA4)
    (attr smd)
    (fp_text reference D9 (at 0 -3.5 270) (layer F.SilkS)
      (effects (font (size 1 1) (thickness 0.15)))
    )
    (fp_text value APA102 (at 0 3.3 90) (layer F.Fab)
      (effects (font (size 1 1) (thickness 0.15)))
    )
    (fp_line (start -2.5 -1.9) (end -1.9 -2.5) (layer F.Fab) (width 0.1))
    (fp_line (start 2.5 -2.5) (end -2.5 -2.5) (layer F.Fab) (width 0.1))
    (fp_line (start 2.5 2.5) (end 2.5 -2.5) (layer F.Fab) (width 0.1))
    (fp_line (start -2.5 2.5) (end 2.5 2.5) (layer F.Fab) (width 0.1))
    (fp_line (start -2.5 -2.5) (end -2.5 2.5) (layer F.Fab) (width 0.1))
    (fp_line (start -3.6 -2.7) (end 2.5 -2.7) (layer F.SilkS) (width 0.12))
    (fp_line (start -3.6 -1.6) (end -3.6 -2.7) (layer F.SilkS) (width 0.12))
